0120170825000000000003596000000000000003680000000000000003510000000000000003637100000000000003550900000000000003594000
0220170825000000000004607800000000000004720000000000000004500000000000000004663200000000000004552600000000000004607900
0320170825000000000000446000000000000000460000000000000000440000000000000000451300000000000000440600000000000000446000
0520170825000000000003732000000000000003820000000000000003640000000000000003774500000000000003685000000000000003729800
0620170825000000000002874000000000000002940000000000000002800000000000000002906900000000000002838000000000000002872400
1220170825000000000000570200000000000000580000000000000000560000000000000000576900000000000000563200000000000000570000
1720170825000000000000272800000000000000290000000000000000250000000000000000275900000000000000269400000000000000272600
1820170825000000000002844300000000000002910000000000000002780000000000000002878100000000000002809800000000000002843900
2020170825000000000004241500000000000004340000000000000004140000000000000004290700000000000004189000000000000004239800
2820170825000000000000459300000000000000470000000000000000450000000000000000464700000000000000453600000000000000459200
2920170825000000000000459300000000000000470000000000000000440000000000000000464800000000000000453800000000000000459300
3120170825000000000003279000000000000003360000000000000003200000000000000003317300000000000003238600000000000003277900
3320170825000000000002599200000000000002660000000000000002540000000000000002628600000000000002566200000000000002597400
3420170825000000000001031900000000000001060000000000000001010000000000000001043400000000000001018700000000000001031000
3520170825000000000000203500000000000000210000000000000000200000000000000000205700000000000000200800000000000000203200
3620170825000000000001142300000000000001170000000000000001110000000000000001155300000000000001127900000000000001141600
3720170825000000000000060800000000000000060000000000000000060000000000000000061500000000000000060000000000000000060800
3820170825000000000000056100000000000000060000000000000000050000000000000000056800000000000000055400000000000000056100
3920170825000000000000269200000000000000280000000000000000260000000000000000272300000000000000265800000000000000269100
5820170825000000000000573300000000000000000000000000000000000000000000000000573300000000000000573300000000000000573300
9620170825000000000002641900000000000002710000000000000002580000000000000002673600000000000002610200000000000002641900